import numpy as np
from .core import Material, MaterialRegistry
  # Initialize the single database registry
db = MaterialRegistry()
  # --- Aluminum 6061 ---
#Source:https://trc.nist.gov/cryogenics/materials/6061%20Aluminum/6061_T6Aluminum_rev.htm
#Source: https://gtvault.sharepoint.com/:b:/r/sites/AE-YellowJacketSpaceProgram/Shared%20Documents/0_YJSP%20Files%20(Sharepoint)/02_Engine_Dev/1_Engine%20Design/Engine%20Dev%20Code/Material%20Database/MMPDS%201.pdf?csf=1&web=1&e=IYBleV
al_6061_t6 = Material(name="Aluminum 6061", category="Metal", default_condition="T6")

al_6061_t6.add_prop("elastic_modulus", [
    np.array([294.15,366.15,477.15,589.15,700.15,811.15,922.15,1033.15,1144.15]), 
    np.array([77.7488e9, 77.6022e9, 76.611e9, 75.1722e9, 73.5585e9, 71.8825e9, 70.09578e9, 68e9, 65e9]) 
], "Pa")
al_6061_t6.add_prop("yield_strength", [
    np.array([9.672,18.862,26.074,32.633,39.851,48.381,58.894,63.489,71.909,79.458,81.896,85.610,97.042,110.206,124.694,133.471,144.894,156.879,164.438,172.137,186.648,201.153,215.661,230.168,244.678,259.186,273.694,288.200,302.708,317.211,331.712,346.212,360.707,373.881,388.372,401.537,413.852,427.991,441.262,451.417,461.663,471.766,480.356,491.767,501.158,508.154,518.747,528.757,536.176,543.928,551.512,561.556,572.079,585.136,598.128,611.951,629.079,642.126]), # Temp in Kelvin
    np.array([4.403e8,4.284e8,4.169e8,4.071e8,3.970e8,3.849e8,3.738e8,3.678e8,3.621e8,3.566e8,3.499e8,3.438e8,3.416e8,3.326e8,3.249e8,3.190e8,3.148e8,3.107e8,3.076e8,3.051e8,3.025e8,2.984e8,2.953e8,2.918e8,2.889e8,2.855e8,2.822e8,2.785e8,2.753e8,2.707e8,2.658e8,2.606e8,2.544e8,2.477e8,2.405e8,2.320e8,2.230e8,2.154e8,2.037e8,1.957e8,1.859e8,1.767e8,1.659e8,1.537e8,1.424e8,1.338e8,1.236e8,1.131e8,1.037e8,9.516e7,8.506e7,7.608e7,6.702e7,5.716e7,5.028e7,4.115e7,3.308e7,2.766e7])     # Value in Pa
], "Pa")
al_6061_t6.add_prop("ultimate_strength", [
    np.array([470.256,476.567,482.543,489.964,497.309,505.041,512.773,520.894,525.414,531.555,534.813,543.319,551.827,560.398,568.842,577.351,586.395,594.369,602.878,611.388,619.900,628.412,636.925,643.117]), 
    np.array([3.064e8,2.973e8,2.889e8,2.802e8,2.719e8,2.634e8,2.555e8,2.486e8,2.444e8,2.397e8,2.340e8,2.262e8,2.184e8,2.107e8,2.035e8,1.967e8,1.898e8,1.846e8,1.778e8,1.724e8,1.677e8,1.635e8,1.596e8,1.569e8])
], "Pa")
al_6061_t6.add_prop("density", 2700.0, "kg/m^3")
al_6061_t6.add_prop("poisson_ratio", 0.33, "")

al_6061_t6.add_prop("thermal_conductivity", [
    np.array([0, 50, 100, 150, 200, 250, 300]), 
    np.array([5.3474,62.0481,97.7012,120.3629,136.0252,147.2427,155.3188]) 
], "W/m-K")
al_6061_t6.add_prop("specific_heat", [
    np.array([0, 50, 100, 150, 200, 250, 300]), 
    np.array([0.292, 148.8382, 492.1982,713.0314,835.2390,895.0404,953.8644]) 
], "J/kg-K")
al_6061_t6.add_prop("cte", [
    np.array([21.156,27.523,33.986,40.122,46.622,52.492,59.355,65.721,72.088,78.647,84.821,91.187,97.795,103.679,110.287,116.653,123.020,129.386,135.753,142.119,148.753,153.566,159.482,165.849,172.215,178.582,184.948,191.314,196.017,201.421,204.481,209.835,216.202,222.568,228.934,235.301,241.436,239.352,247.455,252.896,259.030,265.397,271.763,278.130,284.496,286.580,292.599,298.503,3.070,7.368,12.895,17.193]),
    np.array([0.858,0.856,0.854,0.849,0.845,0.837,0.835,0.829,0.822,0.813,0.802,0.791,0.779,0.767,0.753,0.739,0.725,0.710,0.694,0.676,0.662,0.645,0.629,0.611,0.590,0.570,0.550,0.530,0.509,0.499,0.479,0.467,0.445,0.423,0.400,0.378,0.347,0.362,0.332,0.311,0.289,0.266,0.242,0.217,0.192,0.172,0.162,0.147,0.859,0.859,0.861,0.859]) 
], "1/K")
al_6061_t6.add_prop("melting_point", 855.0, "K") 

al_6061_t6.add_meta("heat_treatable", True)
al_6061_t6.add_meta("machinability_index", 50) 
db.add_material(al_6061_t6)

# --- Inconel 625 ---
# https://www.specialmetals.com/documents/technical-bulletins/inconel/inconel-alloy-625.pdf
inc625 = Material(name="Inconel 625", category="Superalloy", default_condition="Annealed")

inc625.add_prop("yield_strength", [
    np.array([353.124,390.814,427.395,463.976,500.557,535.476,577.045,613.626,650.207,686.789,723.370,759.951,796.532,833.113,869.694,906.275,942.857,979.438,1016.351,1052.600,1107.472,1129.088,1152.367,1178.971,1212.227,1248.808,1285.389,1321.970,1356.556,1075.789,327.074]), 
    np.array([4.771e8,4.619e8,4.516e8,4.436e8,4.365e8,4.316e8,4.269e8,4.241e8,4.211e8,4.191e8,4.172e8,4.157e8,4.151e8,4.151e8,4.159e8,4.191e8,4.271e8,4.316e8,4.283e8,4.093e8,3.657e8,3.178e8,2.729e8,2.254e8,1.770e8,1.394e8,1.112e8,9.040e7,7.850e7,4.004e8,4.902e8]) 
], "Pa")

inc625.add_prop("yield_strength", [
    np.array([24.137,361.149,398.520,431.619,475.875,511.934,547.997,584.058,620.128,656.195,690.638,738.189,774.296,810.407,846.516,882.639,918.790,955.957,991.141,1027.290,1063.408,1099.484,1135.510,1171.494,1207.373,1243.258,1279.209,1315.185,1351.206]), 
    np.array([3.803e8,3.564e8,3.455e8,3.338e8,3.209e8,3.101e8,2.999e8,2.896e8,2.808e8,2.714e8,2.651e8,2.542e8,2.522e8,2.506e8,2.486e8,2.492e8,2.550e8,2.660e8,2.750e8,2.802e8,2.800e8,2.722e8,2.554e8,2.314e8,1.885e8,1.466e8,1.165e8,9.091e7,7.334e7]) 
], "Pa", condition="Solution Treated")

inc625.add_prop("ultimate_strength", [
    np.array([88.152,116.003,207.062,251.794,297.536,343.987,384.111,496.060,542.528,588.995,635.467,677.716,728.430,792.606,837.211,869.721,890.708,905.382,920.041,936.810,955.685,968.296,1020.838,1048.178,1079.751,1117.647,1160.488,1212.478,1184.745,1135.538,1099.297,1008.766,993.232,980.316,946.763]), 
    np.array([9.212e8,9.080e8,8.761e8,8.629e8,8.512e8,8.415e8,8.356e8,8.280e8,8.242e8,8.202e8,8.182e8,8.167e8,8.208e8,8.031e8,7.702e8,7.262e8,6.743e8,6.320e8,5.840e8,5.346e8,4.834e8,4.592e8,3.575e8,3.113e8,2.681e8,2.196e8,1.763e8,1.313e8,1.467e8,1.991e8,2.436e8,3.821e8,4.005e8,4.266e8,5.050e8]) 
], "Pa")

inc625.add_prop("ultimate_strength", [
    np.array([73.383,118.647,150.537,209.175,254.439,299.703,344.967,381.315,456.069,505.962,546.597,591.861,637.125,661.815,760.572,814.066,859.330,895.679,943.686,1001.295,1027.013,1056.846,1088.590,1120.627,1156.975,1215.041,1252.010,1305.798,1351.062,411.491,688.562,724.224,918.996,929.970,951.916,960.146,979.348]), 
    np.array([8.542e8,8.419e8,8.314e8,8.204e8,8.082e8,7.981e8,7.880e8,7.802e8,7.652e8,7.580e8,7.514e8,7.458e8,7.425e8,7.420e8,7.380e8,7.300e8,7.142e8,6.812e8,5.960e8,4.423e8,3.946e8,3.402e8,2.918e8,2.469e8,2.049e8,1.494e8,1.193e8,0.909e8,0.741e8,7.740e8,7.386e8,7.387e8,6.559e8,6.227e8,5.673e8,5.341e8,4.925e8]) 
], "Pa","Solution Treated")

inc625.add_prop("elastic_modulus", [
    np.array([294.15,366.15,477.15,589.15,700.15,811.15,922.15,1033.15,1144.15]), 
    np.array([207.5e9,204.1e9,197.9e9,191.7e9,185.5e9,178.6e9,170.3e9,160.6e9,147.5e9]) 
], "Pa")

inc625.add_prop("elastic_modulus", [
    np.array([294.15,366.15,477.15,589.15,700.15,811.15,922.15,1033.15,1144.15]), 
    np.array([204.8e9,200.6e9,193.7e9,187.5e9,180.6e9,173.1e9,165.5e9,157.2e9,148.2e9])
], "Pa", condition="Solution Treated")

inc625.add_prop("shear_modulus", [
    np.array([294.15,366.15,477.15,589.15,700.15,811.15,922.15,1033.15,1144.15]), 
    np.array([81.4e9,80.0e9,76.5e9,74.5e9,71.7e9,68.3e9,64.8e9,60.0e9,55.2e9])
], "Pa")

inc625.add_prop("shear_modulus", [
    np.array([294.15,366.15,477.15,589.15,700.15,811.15,922.15,1033.15,1144.15]), 
    np.array([78.0e9,76.5e9,74.5e9,71.7e9,68.9e9,66.2e9,63.4e9,60.7e9,57.2e9])
], "Pa", condition="Solution Treated")

inc625.add_prop("density", 8440.0, "kg/m^3")

inc625.add_prop("poisson_ratio", [
    np.array([294.15,366.15,477.15,589.15,700.15,811.15,922.15,1033.15,1144.15]), 
    np.array([0.278,0.28,0.286,0.29,0.295,0.305,0.321,0.34,0.336])
], "")

inc625.add_prop("poisson_ratio", [
    np.array([294.15,366.15,477.15,589.15,700.15,811.15,922.15,1033.15,1144.15]), 
    np.array([0.312,0.311,0.303,0.3,0.302,0.312,0.314,0.305,0.289])
], "", condition="Solution Treated")

inc625.add_prop("thermal_conductivity", [
    np.array([116.15,144.15,200.15,255.15,294.15,311.15,366.15,477.15,589.15,700.15,811.15,922.15,1033.15,1144.15,1255.15]), 
    np.array([7.2,7.5,8.4,9.2,9.8,10.1,10.8,12.5,14.1,15.7,17.5,19.0,20.8,22.8,25.2]) 
], "W/m-K")

inc625.add_prop("specific_heat", [
    np.array([255.15,294.15,366.15,477.15,589.15,700.15,811.15,922.15,1033.15,1144.15,1255.15,1366.15]),
    np.array([402,410,427,456,481,511,536,565,590,620,645,670]) 
], "J/kg-K")

inc625.add_prop("cte", [
    np.array([50.439,56.238,61.590,66.943,72.296,76.756,80.325,83.893,87.908,92.368,96.829,100.843,104.858,109.318,114.225,119.577,125.822,132.513,139.204,146.787,154.816,163.291,172.658,182.471,193.176,202.989,212.802,222.616,232.429,242.242,252.055,261.958,271.979,282.189,290.862,47.093,42.047]),
    np.array([10.706e8,1.124e8,1.523e8,1.916e8,2.320e8,2.728e8,3.094e8,3.464e8,3.901e8,4.369e8,4.851e8,5.277e8,5.707e8,6.167e8,6.620e8,7.031e8,7.451e8,7.867e8,8.250e8,8.653e8,9.044e8,9.429e8,9.813e8,10.154e8,10.482e8,10.764e8,11.022e8,11.269e8,11.494e8,11.707e8,11.922e8,12.131e8,12.323e8,12.507e8,12.640e8,0.409e8,0.099e8]) 
], "1/K")

inc625.add_prop("melting_point", 1560.0, "K")

inc625.add_prop("electrical_resistivity", [
    np.array([294.15,311.15,366.15,477.15,589.15,700.15,811.15,922.15,1033.15,1144.15,1255.15]),
    np.array([1.29e-6, 1.29e-6, 1.29e-6, 1.29e-6, 1.29e-6, 1.29e-6, 1.29e-6, 1.29e-6, 1.29e-6, 1.29e-6, 1.29e-6]) 
], "Ohm-m")

inc625.add_meta("weldability", "Excellent")
inc625.add_meta("machinability_index", 20) 
inc625.add_meta("magnetic", False)

# 5. Fatigue Curve
inc625.add_fatigue({
     300: [np.array([3.824e7,3.982e7,4.140e7,4.298e7,4.456e7,4.614e7,4.772e7,4.941e7,5.088e7,5.246e7,5.404e7,5.561e7,5.720e7,5.878e7,6.036e7,6.194e7,6.352e7,6.510e7,6.668e7,6.827e7,6.984e7,7.142e7,7.300e7,7.458e7,7.616e7,7.774e7,7.932e7,8.081e7,8.248e7,8.406e7,8.564e7,8.722e7,8.880e7,9.038e7,9.196e7,9.354e7,9.512e7,9.670e7,9.828e7,9.965e7]),
           np.array([6.870e8,6.850e8,6.848e8,6.845e8,6.805e8,6.732e8,6.708e8,6.685e8,6.668e8,6.650e8,6.629e8,6.608e8,6.595e8,6.578e8,6.563e8,6.520e8,6.510e8,6.512e8,6.498e8,6.488e8,6.473e8,6.458e8,6.445e8,6.434e8,6.423e8,6.403e8,6.401e8,6.378e8,6.376e8,6.380e8,6.372e8,6.364e8,6.363e8,6.351e8,6.355e8,6.354e8,6.347e8,6.353e8,6.353e8,6.322e8]) ], 
     700.15: [ np.array([3.824e7,3.982e7,4.140e7,4.298e7,4.456e7,4.614e7,4.772e7,4.941e7,5.088e7,5.246e7,5.404e7,5.561e7,5.720e7,5.878e7,6.036e7,6.194e7,6.352e7,6.510e7,6.668e7,6.827e7,6.984e7,7.142e7,7.300e7,7.458e7,7.616e7,7.774e7,7.932e7,8.081e7,8.248e7,8.406e7,8.564e7,8.722e7,8.880e7,9.038e7,9.196e7,9.354e7,9.512e7,9.670e7,9.828e7,9.965e7]),
               np.array([6.870e8,6.850e8,6.848e8,6.845e8,6.805e8,6.732e8,6.708e8,6.685e8,6.668e8,6.650e8,6.629e8,6.608e8,6.595e8,6.578e8,6.563e8,6.520e8,6.510e8,6.512e8,6.498e8,6.488e8,6.473e8,6.458e8,6.445e8,6.434e8,6.423e8,6.403e8,6.401e8,6.378e8,6.376e8,6.380e8,6.372e8,6.364e8,6.363e8,6.351e8,6.355e8,6.354e8,6.347e8,6.353e8,6.353e8,6.322e8]) ], 
     811.15: [ np.array([1.192e6,2.772e6,4.352e6,5.860e6,7.799e6,9.379e6,1.096e7,1.254e7,1.412e7,1.563e7,1.771e7,1.929e7,2.087e7,2.245e7,2.403e7,2.561e7,2.719e7,2.877e7,3.035e7,3.193e7,3.351e7,3.509e7,3.667e7,3.825e7,3.983e7,4.141e7,4.299e7,4.457e7,4.615e7,4.773e7,4.931e7,5.089e7,5.247e7,5.405e7,5.563e7,5.721e7,5.879e7,6.037e7,6.195e7,6.353e7,6.511e7,6.669e7,6.827e7,6.985e7,7.388e7,7.546e7,7.704e7,7.862e7,8.020e7,8.178e7,8.336e7,8.494e7,8.652e7,8.810e7,8.968e7,9.126e7,9.284e7,9.442e7,9.549e7,9.758e7,9.904e7,7.079e7,7.191e7,7.271e7]),
               np.array([6.545e8,6.531e8,6.519e8,6.509e8,6.489e8,6.476e8,6.458e8,6.442e8,6.429e8,6.412e8,6.392e8,6.380e8,6.368e8,6.353e8,6.332e8,6.315e8,6.303e8,6.293e8,6.280e8,6.265e8,6.246e8,6.230e8,6.215e8,6.201e8,6.184e8,6.173e8,6.157e8,6.145e8,6.129e8,6.110e8,6.096e8,6.079e8,6.072e8,6.056e8,6.042e8,6.024e8,6.006e8,5.995e8,5.979e8,5.968e8,5.951e8,5.936e8,5.921e8,5.869e8,5.872e8,5.856e8,5.845e8,5.827e8,5.809e8,5.795e8,5.778e8,5.771e8,5.756e8,5.742e8,5.723e8,5.705e8,5.695e8,5.680e8,5.676e8,5.655e8,5.637e8,5.907e8,5.888e8,5.870e8]) ],
     922.15: [ np.array([6.345e5,2.215e6,3.795e6,5.375e6,6.956e6,8.536e6,9.972e6,1.227e7,1.385e7,1.543e7,1.701e7,1.859e7,2.025e7,2.175e7,2.333e7,2.491e7,2.649e7,2.807e7,2.965e7,3.102e7,3.281e7,3.439e7,3.597e7,3.755e7,3.913e7,4.084e7,4.229e7,4.387e7,4.545e7,4.703e7,4.861e7,5.019e7,5.177e7,5.335e7,5.493e7,5.651e7,5.809e7,5.967e7,6.131e7,6.283e7,6.441e7,6.599e7,6.757e7,6.911e7,7.389e7,7.548e7,7.706e7,7.864e7,8.022e7,8.185e7,8.338e7,8.496e7,8.654e7,8.812e7,8.927e7,9.142e7,9.300e7,9.458e7,9.616e7,9.774e7,9.903e7,7.049e7,7.225e7]),
               np.array([5.812e8,5.776e8,5.760e8,5.740e8,5.721e8,5.708e8,5.693e8,5.670e8,5.653e8,5.636e8,5.616e8,5.598e8,5.579e8,5.570e8,5.554e8,5.539e8,5.515e8,5.499e8,5.485e8,5.476e8,5.455e8,5.438e8,5.420e8,5.401e8,5.382e8,5.364e8,5.351e8,5.338e8,5.323e8,5.301e8,5.282e8,5.268e8,5.258e8,5.239e8,5.224e8,5.203e8,5.190e8,5.177e8,5.159e8,5.143e8,5.125e8,5.106e8,5.089e8,5.064e8,5.027e8,5.008e8,4.987e8,4.972e8,4.961e8,4.944e8,4.928e8,4.909e8,4.888e8,4.878e8,4.861e8,4.839e8,4.825e8,4.812e8,4.797e8,4.778e8,4.764e8,5.053e8,5.035e8]) ],
     1033.15: [ np.array([4.331e7,4.489e7,4.651e7,4.805e7,4.963e7,5.121e7,5.279e7,5.437e7,5.596e7,5.752e7,5.910e7,6.068e7,6.231e7,6.384e7,6.541e7,6.691e7,6.857e7,7.015e7,7.272e7,7.430e7,7.587e7,7.745e7,7.902e7,8.060e7,8.218e7,8.375e7,8.533e7,8.690e7,8.848e7,9.005e7,9.163e7,9.320e7,9.478e7,9.635e7,9.793e7,9.927e7,7.145e7]),
                np.array([4.696e8,4.618e8,4.550e8,4.487e8,4.436e8,4.382e8,4.340e8,4.295e8,4.254e8,4.222e8,4.184e8,4.155e8,4.128e8,4.100e8,4.074e8,4.049e8,4.029e8,3.979e8,3.982e8,3.962e8,3.952e8,3.938e8,3.936e8,3.921e8,3.914e8,3.907e8,3.898e8,3.894e8,3.882e8,3.882e8,3.883e8,3.883e8,3.883e8,3.883e8,3.884e8,3.889e8,3.985e8]) ],  
     1144.15: [ np.array([4.966e7,5.124e7,5.281e7,5.440e7,5.598e7,5.756e7,5.914e7,6.072e7,6.230e7,6.388e7,6.546e7,6.704e7,6.862e7,7.020e7,7.178e7,7.336e7,7.652e7,7.810e7,7.968e7,8.126e7,8.285e7,8.442e7,8.600e7,8.758e7,8.916e7,9.068e7,9.232e7,9.390e7,9.548e7,9.701e7,9.864e7,9.957e7,7.437e7,7.517e7]),
                np.array([2.530e8,2.476e8,2.420e8,2.366e8,2.310e8,2.255e8,2.200e8,2.145e8,2.089e8,2.036e8,1.981e8,1.925e8,1.869e8,1.816e8,1.764e8,1.708e8,1.595e8,1.543e8,1.488e8,1.432e8,1.376e8,1.322e8,1.267e8,1.213e8,1.163e8,1.105e8,1.051e8,0.993e8,0.941e8,0.887e8,0.830e8,0.790e8,1.679e8,1.643e8]) ] 
 })
inc625.add_fatigue({
     302: [ np.array([3.445e7,3.643e7,4.173e7,4.538e7,4.935e7,5.263e7,5.631e7,6.206e7,6.558e7,6.922e7,7.287e7,7.651e7,8.015e7,8.380e7,8.744e7,9.009e7,9.870e7,9.416e7,9.605e7,5.895e7,3.880e7]),
            np.array([5.011e8,4.967e8,4.883e8,4.823e8,4.781e8,4.737e8,4.717e8,4.668e8,4.669e8,4.656e8,4.635e8,4.635e8,4.617e8,4.607e8,4.606e8,4.606e8,4.631e8,4.609e8,4.593e8,4.691e8,4.911e8]) ], 
     700.15: [ np.array([33.075e7,3.511e7,3.941e7,4.306e7,4.670e7,5.034e7,5.399e7,5.719e7,6.175e7,6.492e7,6.856e7,7.220e7,7.585e7,8.744e7,9.108e7,9.473e7,9.837e7,7.834e7,8.154e7,8.437e7]),
               np.array([4.867e8,4.804e8,4.758e8,4.713e8,4.673e8,4.638e8,4.611e8,4.602e8,4.560e8,4.530e8,4.527e8,4.527e8,4.526e8,4.497e8,4.495e8,4.483e8,4.487e8,4.487e8,4.471e8,4.486e8]) ], 
     811.15: [ np.array([1.424e7,1.788e7,2.143e7,2.506e7,2.885e7,3.246e7,3.610e7,3.859e7,4.504e7,4.968e7,5.332e7,5.697e7,6.061e7,6.425e7,6.790e7,7.154e7,7.518e7,7.883e7,8.231e7,9.705e7,9.953e7,8.456e7,8.738e7,8.983e7,9.171e7,9.397e7,4.106e7,4.332e7]),
               np.array([64.725e8,4.658e8,4.605e8,4.552e8,4.516e8,4.466e8,4.426e8,4.396e8,4.368e8,4.340e8,4.338e8,4.325e8,4.312e8,4.293e8,4.283e8,4.276e8,4.268e8,4.255e8,4.253e8,4.266e8,4.285e8,4.239e8,4.285e8,4.207e8,4.207e8,4.238e8,4.369e8,4.369e8]) ],
     922.15: [ np.array([2.255e7,2.600e7,2.981e7,3.345e7,3.710e7,4.074e7,4.394e7,4.803e7,5.167e7,5.531e7,5.896e7,6.177e7,7.949e7,8.313e7,8.678e7,9.042e7,9.406e7,9.771e7,9.969e7,6.460e7,6.723e7,6.968e7,7.307e7,7.495e7,7.721e7,7.232e7]),
               np.array([4.137e8,4.100e8,4.064e8,4.035e8,3.999e8,3.974e8,3.951e8,3.925e8,3.900e8,3.880e8,3.861e8,3.851e8,3.846e8,3.845e8,3.845e8,3.844e8,3.844e8,3.843e8,3.843e8,3.871e8,3.840e8,3.824e8,3.839e8,3.838e8,3.838e8,3.870e8]) ],
     1033.15: [ np.array([1.330e7,1.689e7,2.087e7,2.391e7,2.873e7,3.417e7,4.225e7,4.571e7,4.819e7,5.912e7,7.320e7,7.684e7,8.048e7,8.297e7,9.522e7,3.051e7,3.220e7,2.524e7,2.674e7,1.996e7,1.846e7,3.654e7,3.861e7,4.106e7,5.009e7,5.235e7,5.518e7,5.725e7,6.121e7,6.403e7,6.629e7,6.893e7,7.156e7,8.475e7,8.682e7,8.927e7,9.228e7,9.699e7,9.906e7]),
                np.array([44.015e8,3.895e8,3.781e8,3.710e8,3.609e8,3.504e8,3.361e8,3.307e8,3.280e8,3.169e8,3.085e8,3.064e8,3.045e8,3.029e8,3.028e8,3.583e8,3.520e8,3.645e8,3.629e8,3.785e8,3.832e8,3.442e8,3.396e8,3.349e8,3.255e8,3.254e8,3.192e8,3.254e8,3.222e8,3.160e8,3.113e8,3.097e8,3.081e8,3.017e8,2.971e8,3.017e8,3.016e8,3.047e8,3.031e8]) ],  
     1144.15: [ np.array([6.316e7,6.690e7,7.081e7,7.433e7,7.783e7,8.158e7,8.512e7,8.810e7,9.329e7,9.665e7,9.903e7,9.002e7]),
                np.array([2.616e8,2.514e8,2.415e8,2.328e8,2.237e8,2.146e8,2.072e8,2.027e8,1.895e8,1.829e8,1.785e8,1.950e8]) ] 
 }, condition="Solution Treated")

db.add_material(inc625)
